# oST version 5.0 parameters


[image]

width
640

height
480

[narrow_stereo]

camera matrix
534.281409 0.000000 311.539658
0.000000 535.723203 232.819963
0.000000 0.000000 1.000000

distortion
0.053488 -0.154820 -0.000572 -0.002486 0.000000

rectification
1.000000 0.000000 0.000000
0.000000 1.000000 0.000000
0.000000 0.000000 1.000000

projection
533.613281 0.000000 309.676924 0.000000
0.000000 538.351868 232.592464 0.000000
0.000000 0.000000 1.000000 0.000000
